0.038697
30
8
0.082455
30
8
0.121799
30
8
0.158772
30
8
0.194943
30
8
0.234887
30
8
0.279445
30
8
0.31744
30
8
0.350701
30
8
0.383894
30
8
0.423768
30
8
0.461599
30
8
0.504702
30
8
0.538365
30
8
0.573697
30
8
0.618079
30
8
0.651276
30
8
0.705467
30
8
0.742166
30
8
0.836144
30
8
0.918662
30
8
0.991348
30
8
1.06358
30
8
1.13282
30
8
1.29668
30
8
1.45186
30
8
1.59384
30
8
1.761
30
8
1.94258
30
8
2.12533
30
8
2.30921
30
8
2.43565
30
8
2.59205
30
8
2.72131
30
8
2.82252
30
9
2.94426
30
9
3.0799
30
9
3.19721
30
9
3.31445
30
9
3.46331
30
9
3.6237
30
9
3.78708
30
9
3.93929
30
9
4.09664
30
9
4.23802
30
9
4.37655
30
9
4.49822
30
9
4.63996
30
9
4.78954
30
9
4.9509
30
9
5.149
30
9
5.30804
30
9
5.44058
30
9
5.59232
30
9
5.73665
30
9
5.8923
30
9
6.04039
30
9
6.16304
30
9
6.32646
30
9
6.47997
30
9
6.62254
30
9
6.76314
30
9
6.91246
30
9
7.08618
30
9
7.2615
30
9
7.40402
30
9
7.5697
30
9
7.70437
30
9
7.86244
30
9
8.01486
30
9
8.18415
30
9
8.32805
30
9
8.45032
30
9
8.59856
30
9
8.77066
30
9
8.90336
30
9
9.05542
30
9
9.21594
30
9
9.38326
30
9
9.53941
30
9
9.69129
30
9
9.85588
30
9
10.0218
30
9
10.1578
30
9
10.2977
30
9
10.4556
30
9
10.5715
30
9
10.7006
30
9
10.8422
30
9
11
30
9
11.1277
30
9
11.2695
30
9
11.4197
30
9
11.5357
30
9
11.7268
30
9
11.8984
30
9
12.0439
30
9
12.1922
30
9
12.3506
30
9
12.5241
30
9
12.6628
30
9
12.8072
30
9
13.0038
30
9
13.183
30
9
13.329
30
9
13.4797
30
9
13.6426
30
9
13.7777
30
9
13.9098
30
9
14.0419
30
9
14.1605
30
9
14.3209
30
9
14.4596
30
9
14.6233
30
9
14.7893
30
9
14.9529
30
9
15.0919
30
9
15.2785
30
9
15.4287
30
9
15.5584
30
9
15.7129
30
9
15.8655
30
9
15.9924
30
9
16.1173
30
9
16.2526
30
9
16.3918
30
9
16.5384
30
9
16.7383
30
9
16.8925
30
9
17.0479
30
9
17.1893
30
9
17.3312
30
9
17.5061
30
9
17.6793
30
9
17.8234
30
9
17.9706
30
9
18.1107
30
9
18.2227
30
9
18.3185
30
9
18.4743
30
9
18.6469
30
9
18.7608
30
9
18.8741
30
9
19.04
30
9
19.1712
30
9
19.3009
30
9
19.453
30
9
19.578
30
9
19.7801
30
9
19.9187
30
9
20.0789
30
9
20.2442
30
9
20.3976
30
9
20.5764
30
9
20.7136
30
9
20.8591
30
9
21.0218
30
9
21.185
30
9
21.3264
30
9
21.4816
30
9
21.6543
30
9
21.8187
30
9
21.9698
30
9
22.0957
30
9
22.2478
30
9
22.354
30
9
22.4586
30
9
22.5944
30
9
22.7136
30
9
22.8531
30
9
22.989
30
9
23.1713
30
9
23.3544
30
9
23.4959
30
9
23.6492
30
9
23.8111
30
10
23.9661
30
10
24.1197
30
10
24.2745
30
10
24.4321
30
10
24.5786
30
10
24.7138
30
10
24.897
30
11
25.0562
30
11
25.2004
30
11
25.361
30
11
25.5171
30
11
25.6872
30
11
25.8261
30
11
25.9466
30
11
26.1113
30
11
26.2503
30
11
26.3927
30
11
26.5422
30
11
26.7079
30
11
26.8799
30
11
27.0173
30
11
27.1424
30
11
27.3467
30
11
27.4904
30
11
27.6172
30
11
27.773
30
11
27.9091
30
11
28.0087
30
11
28.1334
30
11
28.2764
30
11
28.4417
30
11
28.5983
30
11
28.7537
30
11
28.9167
30
11
29.0685
30
11
29.252
30
11
29.3726
30
11
29.489
30
11
29.6334
30
11
29.773
30
11
29.9189
30
11
30.0954
30
11
30.2634
30
11
30.4382
30
11
30.575
30
11
30.7331
30
11
30.8805
30
11
30.9938
30
11
31.1666
30
11
31.3204
30
11
31.4751
30
11
31.6383
30
11
31.803
30
11
31.9458
30
11
32.0873
30
11
32.2131
30
11
32.3743
30
11
32.5415
30
11
32.6894
30
11
32.8312
30
11
32.9611
30
11
33.1138
30
11
33.2793
30
11
33.4149
30
11
33.5663
30
11
33.7029
30
11
33.8725
30
11
34.0253
30
11
34.1528
30
11
34.3306
30
11
34.4689
30
11
34.617
30
11
34.7602
30
11
34.9225
30
11
35.0732
30
11
35.2092
30
11
35.3635
30
11
35.5019
30
11
35.6577
30
11
35.8176
30
11
36.0015
30
11
36.163
30
11
36.2796
30
11
36.4128
30
11
36.6018
30
11
36.7278
30
11
36.8968
30
11
37.0415
30
11
37.1905
30
11
37.3332
30
11
37.4783
20
8
37.6247
18
6
37.7472
17
5
37.9298
17
5
38.067
17
5
38.2166
17
5
38.352
17
5
38.4861
17
5
38.6675
17
5
38.8157
17
5
38.946
17
5
39.0869
17
5
39.2359
17
5
39.3846
17
5
39.5447
17
5
39.6803
17
5
39.8192
17
5
39.9915
17
5
40.1392
17
5
40.2731
17
5
40.4059
17
4
40.5529
17
4
40.6791
17
4
40.8317
17
4
40.9822
17
4
41.1364
17
4
41.269
18
4
41.4091
18
4
41.5524
19
4
41.7097
19
4
41.8716
19
4
42.0137
19
4
42.1837
19
4
42.3328
19
4
42.4819
19
4
42.6065
19
4
42.7608
19
4
42.9438
19
4
43.0968
19
4
43.2783
18
4
43.4294
18
4
43.5278
18
4
43.7179
18
4
43.9109
18
4
44.0033
18
4
44.1211
18
4
44.3302
18
4
44.4784
19
4
44.5944
19
4
44.7668
19
4
44.9293
19
4
45.0766
19
4
45.2118
19
4
45.3573
20
4
45.5119
21
4
45.6746
21
4
45.8044
21
4
45.9348
21
4
46.0519
21
4
46.2111
21
4
46.3552
21
4
46.4988
21
4
46.6291
21
4
46.74
20
4
46.9643
20
4
47.0955
20
4
47.2628
20
4
47.4136
20
4
47.5771
19
4
47.7427
18
4
47.8772
18
4
47.9879
18
4
48.0996
18
4
48.2231
18
4
48.3999
18
4
48.5548
18
4
48.6983
18
4
48.8533
18
4
48.9957
18
4
49.2902
18
4
49.564
18
4
49.8755
18
4
50.1948
18
4
50.4573
18
4
50.7661
18
4
51.032
18
4
51.3953
18
4
51.6697
18
4
51.9591
18
4
52.218
18
4
52.502
18
4
52.7759
18
4
53.1253
18
4
53.3925
18
4
53.7361
18
4
54.0471
18
4
54.3424
18
4
54.7186
18
4
55.0343
18
4
55.288
18
4
55.5765
18
4
55.8608
18
4
56.0593
18
4
56.2763
18
4
56.6073
18
4
56.8402
18
4
57.1626
18
4
57.4744
18
3
57.7316
18
3
58.0986
18
3
58.3523
18
3
58.6554
18
3
58.9936
18
3
59.2736
18
3
59.5562
18
3
59.8448
18
3
60.026
18
3
60.3688
18
3
60.6933
18
3
61.0168
18
3
61.287
17
2
61.613
17
2
61.9089
16
2
62.1792
16
1
62.5226
15
1
62.8204
15
1
63.1266
15
1
63.4018
15
1
63.6624
14
1
63.9713
14
1
64.2681
14
1
64.5955
14
1
64.7512
14
1
64.9095
14
1
65.074
14
1
65.1843
14
1
65.3496
14
1
65.4924
14
1
65.6494
13
1
65.8024
13
1
65.9335
13
1
66.0696
13
1
66.1896
12
1
66.3011
12
1
66.447
12
1
66.622
12
1
66.7671
12
1
66.9263
12
1
67.0961
12
1
67.2357
12
1
67.4272
12
1
67.5793
11
1
67.7183
11
1
67.8809
11
1
68.0094
11
1
68.1796
11
1
68.3244
11
1
68.4965
11
1
68.6473
11
1
68.819
11
1
68.9681
11
1
69.1519
11
1
69.3136
11
1
69.4581
11
1
69.6699
11
1
69.8022
11
0
69.9552
11
0
70.1187
11
0
70.2945
11
0
70.429
11
0
70.5785
11
0
70.7174
11
0
70.8746
11
0
71.0449
11
0
71.193
11
0
71.3341
11
0
71.4892
11
0
71.643
11
0
71.7793
11
0
71.931
11
0
72.0665
11
0
72.1856
10
0
72.3361
10
0
72.4719
10
0
72.5763
10
0
72.6816
10
0
72.787
10
0
72.8978
10
0
73.0504
10
0
73.2017
10
0
73.3344
10
0
73.5105
10
0
73.6426
10
0
73.7954
10
0
73.9264
10
0
74.0649
10
0
74.2
10
0
74.332
10
0
74.4905
10
0
74.6282
10
0
74.814
10
0
74.9494
10
0
75.0688
10
0
75.1948
10
0
75.3173
10
0
75.4602
10
0
75.6054
10
0
75.7413
10
0
75.8912
10
0
76.0419
10
0
76.1798
10
0
76.329
10
0
76.4608
10
0
76.6036
10
0
76.7546
10
0
76.8707
10
0
77.0563
10
0
77.2002
10
0
77.3785
10
0
77.5359
10
0
77.6662
10
0
77.8317
10
0
78.0186
10
0
78.1755
9
0
78.3462
9
0
78.5213
9
0
78.6665
8
0
78.8208
8
0
78.978
8
0
79.1252
8
0
79.2497
8
0
79.4225
7
0
79.5866
7
0
79.7006
7
0
79.8487
7
0
79.9883
7
0
80.157
7
0
80.3117
7
0
80.4546
7
0
80.6044
7
0
80.7609
7
0
80.9295
7
0
81.0216
7
0
81.1783
7
0
81.3029
7
0
81.4412
7
0
81.5833
7
0
81.7256
7
0
81.8817
7
0
82.0438
7
0
82.1983
5
0
82.3703
5
0
82.522
5
0
82.6523
5
0
82.7972
5
0
82.9561
4
0
83.1559
4
0
83.3108
4
0
83.4486
4
0
83.5874
4
0
83.7312
4
0
83.8687
4
0
84.0408
4
0
84.1705
4
0
84.283
4
0
84.4415
4
0
84.5748
4
0
84.715
4
0
84.8405
4
0
84.9856
4
0
85.1052
4
0
85.2706
4
0
85.4079
4
0
85.5652
4
0
85.7275
4
0
85.8657
4
0
86.0443
4
0
86.1812
4
0
86.301
4
0
86.4541
4
0
86.5817
4
0
86.7238
4
0
86.8918
4
0
87.0782
4
0
87.2245
4
0
87.3936
4
0
87.5743
4
0
87.7098
4
0
87.8702
4
0
88.0188
4
0
88.2103
4
0
88.3554
4
0
88.5023
4
0
88.6124
4
0
88.771
4
0
88.9151
4
0
89.0466
4
0
89.1787
4
0
89.2966
4
0
89.444
4
0
89.6091
4
0
89.7734
4
0
89.9113
4
0
90.0493
4
0
90.2126
4
0
90.3598
4
0
90.5016
4
0
90.6545
4
0
90.8064
4
0
90.9191
4
0
91.0548
4
0
91.1977
4
0
91.3573
4
0
91.5039
4
0
91.6582
4
0
91.7771
4
0
91.8923
4
0
92.0428
4
0
92.1808
4
0
92.3269
4
0
92.4993
4
0
92.6163
4
0
92.7748
4
0
92.8992
4
0
93.0704
4
0
93.2086
4
0
93.3648
4
0
93.5376
4
0
93.6851
4
0
93.8566
4
0
93.987
4
0
94.1145
4
0
94.2562
4
0
94.4222
4
0
94.5455
4
0
94.7569
4
0
94.9201
4
0
95.0767
4
0
95.2504
4
0
95.3914
4
0
95.5261
4
0
95.6336
4
0
95.7518
4
0
95.9057
4
0
96.0398
4
0
96.1672
4
0
96.3213
4
0
96.4523
4
0
96.6203
4
0
96.743
4
0
96.9158
4
0
97.0674
4
0
97.2206
4
0
97.3878
4
0
97.5299
4
0
97.6549
4
0
97.8153
4
0
97.9651
4
0
98.0864
4
0
98.2101
4
0
98.3842
4
0
98.5789
4
0
98.6941
3
0
98.899
3
0
99.0377
3
0
99.1574
3
0
99.3517
3
0
99.4816
3
0
99.6638
3
0
99.7948
3
0
99.8956
3
0
100.008
3
0
100.168
3
0
100.288
3
0
100.457
3
0
100.597
3
0
100.78
3
0
100.899
3
0
101.035
3
0
101.157
3
0
101.37
3
0
101.556
3
0
101.698
3
0
101.844
3
0
101.994
3
0
102.138
3
0
102.302
3
0
102.448
3
0
102.554
3
0
102.658
3
0
102.816
3
0
102.952
3
0
103.097
3
0
103.229
3
0
103.384
3
0
103.502
3
0
103.668
3
0
103.839
3
0
103.997
3
0
104.175
3
0
104.337
3
0
104.511
3
0
104.663
3
0
104.798
3
0
104.978
3
0
105.114
3
0
105.26
3
0
105.377
3
0
105.509
3
0
105.653
3
0
105.822
3
0
105.955
3
0
106.083
3
0
106.222
3
0
106.387
3
0
106.491
3
0
106.608
3
0
106.766
3
0
106.887
2
0
107.027
2
0
107.151
2
0
107.289
2
0
107.456
2
0
107.611
2
0
107.769
2
0
107.908
2
0
108.046
2
0
108.226
2
0
108.382
2
0
108.521
2
0
108.665
2
0
108.845
2
0
108.948
2
0
109.051
1
0
109.196
1
0
109.326
1
0
109.487
1
0
109.632
1
0
109.799
1
0
109.974
1
0
110.074
1
0
110.215
1
0
110.38
1
0
110.518
1
0
110.637
1
0
110.791
1
0
110.966
1
0
111.141
1
0
111.277
1
0
111.426
1
0
111.602
1
0
111.726
1
0
111.904
1
0
112.041
1
0
112.174
1
0
112.324
1
0
112.462
1
0
112.608
1
0
112.695
1
0
112.864
1
0
113.005
1
0
113.145
1
0
113.258
1
0
113.376
1
0
113.532
1
0
113.727
1
0
113.869
1
0
113.977
1
0
114.075
1
0
114.224
1
0
114.39
1
0
114.544
1
0
114.671
1
0
114.764
1
0
114.917
1
0
115.065
1
0
115.227
1
0
115.376
1
0
115.534
1
0
115.683
1
0
115.855
1
0
115.994
1
0
116.148
1
0
116.264
1
0
116.423
1
0
116.54
1
0
116.73
1
0
116.894
1
0
117.061
1
0
117.199
1
0
117.32
1
0
117.419
1
0
117.558
1
0
117.717
1
0
117.872
1
0
118.014
1
0
118.158
1
0
118.333
1
0
118.487
1
0
118.626
1
0
118.803
1
0
118.984
1
0
119.141
1
0
119.301
1
0
119.467
1
0
119.6
1
0
119.778
1
0
119.931
1
0
120.081
1
0
120.223
1
0
120.373
1
0
120.527
1
0
120.687
1
0
120.844
1
0
120.968
1
0
121.135
1
0
121.29
1
0
121.404
1
0
121.549
1
0
121.708
1
0
121.838
1
0
122.034
1
0
122.166
1
0
122.304
1
0
122.457
1
0
122.612
1
0
122.746
1
0
122.92
1
0
123.05
1
0
123.25
1
0
123.402
1
0
123.518
1
0
123.617
1
0
123.741
1
0
123.909
1
0
124.042
1
0
124.173
1
0
124.332
1
0
124.481
1
0
124.616
1
0
124.734
1
0
124.836
1
0
124.961
1
0
125.127
1
0
125.268
1
0
125.44
1
0
125.583
1
0
125.741
1
0
125.879
1
0
126.02
1
0
126.171
1
0
126.314
1
0
126.482
1
0
126.638
1
0
126.749
1
0
126.893
1
0
127.041
1
0
127.193
1
0
127.36
1
0
127.539
1
0
127.688
1
0
127.802
1
0
127.96
1
0
128.117
1
0
128.259
1
0
128.398
1
0
128.562
1
0
128.721
1
0
128.873
1
0
129.013
1
0
129.17
1
0
129.327
1
0
129.477
1
0
129.632
1
0
129.763
1
0
129.906
1
0
130.038
1
0
130.173
1
0
130.302
1
0
130.44
1
0
130.56
1
0
130.739
1
0
130.888
1
0
131.106
1
0
131.239
1
0
131.397
1
0
131.491
1
0
131.647
1
0
131.845
1
0
132.001
1
0
132.159
1
0
132.326
1
0
132.498
1
0
132.65
1
0
132.795
1
0
132.964
1
0
133.095
1
0
133.21
1
0
133.358
1
0
133.516
1
0
133.66
1
0
133.823
1
0
133.968
1
0
134.134
1
0
134.288
1
0
134.486
1
0
134.619
1
0
134.732
1
0
134.901
1
0
135.017
1
0
135.222
1
0
135.386
1
0
135.549
1
0
135.728
1
0
135.858
1
0
135.967
1
0
136.087
1
0
136.236
1
0
136.405
1
0
136.561
1
0
136.715
1
0
136.832
1
0
136.928
1
0
137.066
1
0
137.234
1
0
137.359
1
0
137.484
1
0
137.649
1
0
137.776
1
0
137.917
1
0
138.068
1
0
138.193
1
0
138.307
1
0
138.43
1
0
138.583
1
0
138.729
1
0
138.915
1
0
139.057
1
0
139.2
1
0
139.346
1
0
139.502
1
0
139.643
1
0
139.778
1
0
139.921
1
0
140.078
1
0
140.186
1
0
140.418
1
0
140.574
1
0
140.715
1
0
140.855
1
0
141.018
1
0
141.147
1
0
141.318
1
0
141.449
1
0
141.542
1
0
141.672
1
0
141.847
1
0
141.995
1
0
142.138
1
0
142.313
1
0
142.453
1
0
142.61
1
0
142.747
1
0
142.876
1
0
143.036
1
0
143.2
1
0
143.343
1
0
143.489
1
0
143.651
1
0
143.811
1
0
143.947
1
0
144.104
1
0
144.232
1
0
144.381
1
0
144.506
1
0
144.677
1
0
144.836
1
0
145.06
1
0
145.208
1
0
145.367
1
0
145.536
1
0
145.681
1
0
145.842
1
0
145.944
1
0
146.153
1
0
146.284
1
0
146.432
1
0
146.593
1
0
146.727
1
0
146.858
1
0
147.038
1
0
147.191
1
0
147.346
1
0
147.475
1
0
147.636
1
0
147.8
1
0
147.956
1
0
148.102
1
0
148.25
1
0
148.423
1
0
148.54
1
0
148.694
1
0
148.85
1
0
149.01
1
0
149.187
1
0
149.335
1
0
149.453
1
0
149.591
1
0
149.745
1
0
149.885
1
0
150.01
1
0
150.167
1
0
150.319
1
0
150.498
1
0
150.64
1
0
150.75
1
0
150.861
1
0
151.034
1
0
151.141
1
0
151.308
1
0
151.482
1
0
151.609
1
0
151.771
1
0
151.912
1
0
152.075
1
0
152.209
1
0
152.33
1
0
152.499
1
0
152.686
1
0
152.828
1
0
153.008
1
0
153.132
1
0
153.251
1
0
153.395
1
0
153.536
1
0
153.678
1
0
153.808
1
0
153.932
1
0
154.074
1
0
154.201
1
0
154.349
1
0
154.496
1
0
154.627
1
0
154.768
1
0
154.938
1
0
155.048
1
0
155.214
1
0
155.347
1
0
155.479
1
0
155.612
1
0
155.782
1
0
155.949
1
0
156.094
1
0
156.256
1
0
156.432
1
0
156.549
1
0
156.67
1
0
156.808
1
0
156.935
1
0
157.083
1
0
157.233
1
0
157.368
1
0
157.466
1
0
157.686
1
0
157.797
1
0
157.914
1
0
158.101
1
0
158.237
1
0
158.388
1
0
158.517
1
0
158.666
1
0
158.819
1
0
158.973
1
0
159.141
1
0
159.277
1
0
159.389
1
0
159.518
1
0
159.658
1
0
159.8
1
0
159.946
1
0
160.059
1
0
160.278
1
0
160.385
1
0
160.622
1
0
160.779
1
0
160.918
1
0
161.06
1
0
161.178
1
0
161.346
1
0
161.498
1
0
161.635
1
0
161.812
1
0
161.954
1
0
162.104
1
0
162.25
1
0
162.402
1
0
162.572
1
0
162.71
1
0
162.843
1
0
162.999
1
0
163.145
1
0
163.308
1
0
163.485
1
0
163.598
1
0
163.729
1
0
163.822
1
0
164.002
1
0
164.163
1
0
164.314
1
0
164.483
1
0
164.619
1
0
164.774
1
0
164.909
1
0
165.082
1
0
165.274
1
0
165.424
1
0
165.583
1
0
165.752
1
0
165.94
1
0
166.133
1
0
166.253
1
0
166.401
0
0
